rl_control_config:
    robot_name: "mini_cheetah"        
    control_frequency: 1000
    obs_send_frequency: 1000
    Kp: [100,100,100]
    Kd: [1,2,2]
    udp_receive_frequency: 2000
    recv_IP: "127.0.0.1"
    send_IP: "127.0.0.1"
    recv_port: 8001              
    send_port: 8000
    init_pos: [0.0, -0.9, 1.8, 0.0, -0.9, 1.8, 0.0, -0.9, 1.8, 0.0, -0.9, 1.8]
    joint_upper_bound: [1.0471975512,3.92699081699,3.14159265359]
    joint_lower_bound: [-0.872664625997,-0.523598775598,-3.14159265359]